226166
226300
225801
13329
14644
227114
224508
225402
228134
227472
223512
227271
223193
222105
225973
222512
227310
225498
222172
223986
227266
227483
234050
223544
226173
227377
226186
226613
221083
226662
224166
221097
224218
227043
224612
222829
225061
226551
226410
221838
226565
225056
227404
227419
223903
221789
230759
227459
224693
222734
223468
228179
221054
226542
227490
223413
224276
44339
221971
45790
46441
222320
43432
44255
47158
45749
44303
227443
7297
45277
47582
46723
44456
45621
47405
225872
224781
44403
224123
47350
46220
47140
47664
47226
5479
47646
47567
46812
223369
8909
44406
44104
44820
45569
44149
1194
45618
45597
45774
11912
45807
45974
45540
46298
46728
46421
226549
225980
45448
45212
44066
226262
226241
47052
47626
44579
45653
45888
223437
46815
57814
46388
46169
47429
47178
52834
47450
45816
45744
222753
222929
226114
46460
46186
47430
45726
47700
44170
45764
46981
47600
46470
44260
44825
59850
44366
46751
46204
45819
47237
225639
45629
44620
45502
47438
44483
47231
43985
47596
45104
44190
47727
44405
46135
44490
46072
45825
45001
226791
47209
44269
44305
45712
44194
44583
47084
46932
47404
46533
45149
44913
45651
45058
47414
45633
47346
226460
45757
11383
49683
45789
46955
45052
45267
47650
47119
46043
47479
44013
222450
45706
223430
12975
46820
45208
47053
45925
45734
44926
45718
49635
46501
44915
50541
44237
44466
44221
43427
58923
47894
44320
44568
46994
46332
44086
46793
236924
226683
226561
44529
47580
47333
47216
46354
47316
46025
223117
43978
45244
10655
45659
48455
221069
225792
44511
44416
46559
44330
47456
222588
224387
45593
46557
44092
47683
47539
44153
46694
44249
46665
45717
47628
45175
47255
45253
225726
45732
45814
44502
45223
44171
46852
44368
44055
47129
47244
44275
45808
45817
46684
45727
47640
47484
47001
47017
46011
45589
58920
44263
225106
47660
46407
44336
44071
44077
227300
47574
43967
2810
47089
224481
45661
222582
47308
45428
45850
45279
53862
225431
227361
45778
47144
47179
43390
47029
226317
224930
46553
44556
46416
45776
47606
46931
45805
47341
44234
45489
44986
45959
45867
226408
45192
46080
225416
225418
50462
44323
48450
44522
45822
45594
3390
44746
47348
43986
47412
45702
46632
45773
47662
44244
226479
222068
44115
44007
224696
46999
45627
44135
44226
45615
46741
47324
44538
44470
46196
45606
46140
224594
45459
226679
9764
47618
45063
47013
45570
47096
44419
46579
222779
44765
47376
47043
226157
223636
46834
45137
44463
47122
223081
226523
44059
47656
46657
44165
44575
47064
45647
47721
227264
222789
47594
226364
44593
47366
46486
227517
47545
45508
46123
44019
46403
47058
45554
46499
47103
72
44240
44479
44130
44840
46588
47002
47578
45719
44754
46608
226856
46789
225807
47234
47583
47565
46845
4881
44499
47356
47343
44779
45824
44309
47519
47586
222760
47113
44208
224882
45036
45121
44218
45215
47213
47515
45070
47057
44027
47203
45698
222462
227263
13030
46829
44094
45471
2663
46524
44476
44386
224840
226391
45436
47147
47080
44048
53568
227055
226995
45181
224988
222383
46149
4033
44965
44610
47551
224184
44749
44183
44950
45179
48138
44063
45999
47416
45922
224408
226649
47322
46910
44034
47393
222381
46989
47202
47403
47309
227189
222773
47418
227450
44818
11225
45048
47354
44313
44592
46161
44345
45281
44824
46425
43425
44452
47384
47423
47011
47715
47747
43989
47090
45604
224622
45919
44004
44526
47630
44342
223211
45479
44127
47280
45858
45826
222915
224332
44038
45028
44813
44022
47688
226642
46869
44252
224521
49629
45009
227390
223040
45338
227565
222313
222775
224329
46857
44759
222447
225296
222475
44179
46893
44670
44155
44282
7536
55766
44496
43982
47036
45759
45356
44052
45731
46357
44314
45210
44348
226944
45590
224385
44945
44174
46273
225571
1080
45861
46576
44822
46414
47616
44068
44726
44514
46727
226566
46650
226183
226803
47273
45587
225966
226081
225192
46409
44140
44224
46996
45657
44585
6147
1109
47116
224268
44160
45205
47106
223148
224337
62922
62958
66170
63497
64114
69659
63297
64932
96838
66318
70097
69895
63004
64148
4323
65518
69226
68988
69447
67871
61498
71155
62885
65315
63198
67223
62982
66451
68177
226999
225972
66668
64494
63834
221990
225768
63646
63268
66595
100012
69540
66534
70269
70830
66461
66726
70370
63382
71150
66514
68535
226153
225904
68200
69578
222441
69646
70839
67471
63281
65358
64763
67227
67918
66261
70575
69837
226333
67264
69251
65558
232828
71123
226332
68366
71165
69064
64019
66102
67634
70750
63258
66671
70196
84940
70966
70084
63906
64045
66594
66429
65075
68257
63961
67365
63439
223265
221716
67751
222598
68369
222712
64646
62890
225381
227057
69429
222859
63713
67578
67693
222739
227116
68066
73733
66126
67830
69467
69309
70042
69911
8421
68947
66683
63482
65443
66553
69869
63303
67256
66119
227298
63987
70916
227123
70700
69402
70066
227635
70448
70168
70143
223489
222816
64057
65199
70874
65261
70215
63775
62852
69392
63308
66296
70876
63395
70109
63075
66774
63318
68004
63876
62780
62900
225756
223308
69716
65603
63708
65164
66484
69855
66558
227296
222838
66555
63618
63965
221928
100109
66475
65743
66788
67035
69571
231755
69970
67890
62830
71147
70148
69211
63187
63663
224018
70528
68430
67949
63581
66804
67302
222266
65584
62812
68064
63653
62935
67372
63796
64977
66248
66352
68091
226330
66549
63594
66557
64135
4152
68902
69968
223176
90411
66456
64844
61417
70157
222008
66771
69572
70237
62945
13096
223616
226836
224257
222115
70378
64509
70888
65709
66250
66509
69288
70529
72462
222464
67637
65944
69596
70548
65356
69195
63671
65663
69850
66513
63839
69424
71120
64981
69576
63355
70409
70864
65704
226813
227098
70616
63277
71143
66697
86110
64693
65987
97196
66743
68673
66962
68208
63131
64067
69802
66673
69370
64794
63411
68796
70410
70032
227180
67200
70693
61405
68876
226733
66632
63222
225234
63552
69548
1808
100933
100644
63196
62952
65700
70986
63175
70290
65579
63239
66658
63746
222031
69181
68122
71199
62932
63887
69349
69766
70386
64051
148
64311
68015
63660
69950
62796
63860
65322
65803
63273
63726
64339
64169
69164
1673
70805
65910
64482
63509
227532
66395
70344
66507
68294
68335
66212
62849
79714
63414
65045
65693
63204
71012
70947
226570
62846
70581
61506
64756
63561
67494
61432
69568
63879
63155
65435
63125
68350
65682
68130
3678
64157
227252
223952
225350
64080
64382
66408
66980
223001
63078
71139
64341
64766
70914
66286
63161
68628
61400
63408
70154
63453
71066
71153
65097
222514
225703
69263
223385
223947
68393
70029
3846
69284
1463
70360
70140
69696
65826
226406
69744
66736
66669
65785
67957
63404
68685
66038
63882
65506
66794
66544
7487
64460
67148
223261
227984
224673
66497
68441
63518
10218
64620
66975
66541
65415
62815
70643
68060
64133
64288
70055
222264
69908
70396
63930
222003
224489
65686
62956
68827
71205
64601
70564
62786
226302
66700
63332
65006
62873
69923
68263
64580
66301
225060
61497
63885
64612
69617
222261
224125
69523
70364
62881
227247
224014
65920
222326
12152
63418
67993
66397
66166
222410
226607
66510
224369
229514
223911
70274
12186
68678
227446
65372
64555
69146
68993
4251
63166
63837
64785
227121
72534
63351
70932
66371
69713
66742
67877
63023
222901
66769
70116
63120
61504
67996
68408
67548
69039
67245
67453
62817
63194
65018
67727
70229
11946
64558
222043
70236
64142
65467
69579
61435
222989
63634
65696
63570
224119
224751
69747
63534
67196
63212
66145
222720
63602
65069
65330
11836
69167
70994
69862
70612
71046
66646
63464
70220
63647
68839
69827
70710
63104
223835
222951
66567
225311
227160
66223
225277
4460
61493
63271
65108
69983
63528
62928
70896
224552
10625
1354
70105
67188
67880
227363
221993
224224
224234
223000
224068
223016
224008
67726
65535
226572
66577
61481
62810
67022
12589
67159
68664
69811
68735
66488
65586
69949
70203
66776
63589
65928
67165
68385
63396
68156
70485
63330
65082
68981
223753
226136
71010
66477
68834
66281
64189
70880
64704
65296
62823
69760
65479
62807
65936
64094
67732
65524
64001
224161
3163
3154
61427
68760
68286
222201
63234
70239
68056
66754
63763
66905
69550
65747
65378
63750
63134
65844
97402
69567
64906
83009
5590
64875
68714
64775
61470
222827
69847
224019
65997
63071
64995
70634
65525
64736
67272
64605
65279
81401
65259
226232
68979
67914
65317
225590
224568
226249
222714
70219
61412
66515
70894
63898
71173
64948
64401
66487
63149
66382
223324
69551
69566
226373
223958
225314
68254
223625
69790
66535
65492
70315
67139
66517
63375
71082
66729
226691
223256
222256
225298
64661
65748
64608
63896
65402
69203
66290
66511
63701
67776
66795
67498
66508
65796
69867
69354
66263
70557
66862
70216
66183
64176
64867
70205
71021
65386
70886
63780
65333
67391
227088
69590
64397
226705
226288
70482
65120
69736
67980
63952
226632
62782
62862
66737
70115
62799
63423
68573
65527
64084
63901
69022
67840
225398
223119
71777
64984
224140
68174
65411
63344
64152
67484
66533
70162
64491
66498
66715
71124
222365
65613
68737
70543
63202
67901
70372
63744
66265
69441
63339
63696
66246
63245
64474
69208
225442
68736
62985
226744
62907
66479
80078
226177
225089
65962
70818
68467
71002
66339
69631
227168
70744
66806
65567
226169
226685
72774
226489
225378
226833
70193
66691
70238
65376
226209
225700
70698
70142
69743
70180
67954
63326
69131
63530
65836
71032
65354
223523
226558
64128
69121
224178
224727
68019
68338
63853
12023
67115
103
71122
62837
66581
222763
11794
64092
66363
67260
63347
224213
227293
66489
70820
12886
63892
63171
69852
62857
68862
69075
70441
89614
66332
62783
65105
70624
64366
10533
70430
67554
63032
63625
67870
226268
224410
67483
86750
71149
65051
69116
62967
65427
67710
66781
68336
72660
67266
7060
66480
63539
64305
227645
224202
71142
71152
70789
69684
68671
69218
68843
226664
222371
68042
226936
222525
226694
224015
70996
62789
69406
69197
70908
66516
69809
63523
64873
68519
70639
70204
223115
226584
68938
69774
64014
69620
10240
66653
224867
63055
63073
61487
68051
70217
69546
64292
69416
63039
64999
65432
69986
70267
64845
70796
66798
65088
226265
222356
68030
6928
64082
68508
69719
68881
67739
70980
64257
64439
63263
72363
66271
70199
66106
70910
63869
69823
66482
66699
66735
227430
70500
66181
66180
236991
227385
67007
66157
70799
67724
65601
70794
63555
69189
69873
69772
62999
66870
223541
63496
70843
67380
224278
226325
68496
63236
225653
222614
68690
68927
70037
69396
70227
63950
65886
65707
222502
70025
70990
65080
63115
66518
231436
63137
62840
63537
66312
222557
226165
70391
64153
223984
68704
66627
66485
69890
70226
68767
66522
63301
69993
67063
68012
66811
63627
64438
223276
65397
70194
63260
68361
70597
68010
70904
67280
62833
63563
66842
64523
70998
66650
66716
67348
61468
61416
69652
64124
69414
66782
66727
70922
67530
64111
70802
72779
71160
65546
222906
224289
70847
69943
69171
63101
61478
65658
64138
69835
62623
66467
64839
67911
507
70013
64889
227198
227179
64074
69565
64935
221965
226247
62954
64251
69144
66139
224133
225217
64668
229442
64297
68298
66299
67475
70354
227597
223940
223946
70279
69738
65424
66347
70906
224478
227144
63944
224835
64744
68807
64908
65597
64102
70253
65021
71115
66298
69379
66189
70342
64280
62645
69748
65615
68312
68894
61411
66651
64137
64096
64011
227636
70453
63914
66759
68609
64063
79331
67982
66589
69999
64086
71016
63706
69663
70984
68021
67998
67861
63487
63305
68872
70841
66709
63748
63209
63490
63378
228121
66734
229733
69386
63889
66324
66744
66491
67774
62964
70974
65420
69559
63387
63224
66155
68483
64989
66520
225128
222430
65028
63998
66600
66131
63361
70494
66288
63969
63252
61403
63715
63822
225468
224124
85904
66130
62866
63940
69553
222367
68027
63909
68476
63821
65731
66670
62974
66590
67167
69472
223626
67374
69000
227503
7142
69728
68648
70667
222983
70890
67432
64098
70348
71148
69127
64562
222505
224211
70824
68866
227030
66674
67614
65942
64331
69597
63401
67966
223717
67898
63265
226643
1263
223975
68514
69704
70566
69731
63769
66606
66084
66719
62828
63904
65500
61453
224894
71133
71132
70982
71201
5304
64150
69028
222792
70139
64415
223149
66316
67765
227405
68596
70352
64619
66365
68742
62989
225255
226435
69758
222162
223948
69433
70583
67960
65539
65588
63844
64852
69574
12162
63044
68912
68743
66568
69934
223536
227540
66524
222791
64655
70228
66349
70069
63062
70095
66114
9972
64282
63502
62894
223060
66703
223398
70254
222769
63543
93299
66460
66335
223122
68017
67991
95644
64381
69693
8686
68858
63704
69690
66690
70918
64690
62950
222848
225889
62835
65978
63095
68231
63392
63827
223546
67757
69759
68240
70715
225722
224328
65370
63765
70810
62938
69304
65138
66519
8339
5339
66556
8115
63146
70049
66551
64479
66652
69300
65690
70268
70992
67848
224368
68670
63752
66565
64368
69488
64485
66850
226766
238977
63572
5695
70742
108
230073
69552
64191
62910
63129
64457
69580
63098
69323
66310
11293
2188
70137
71188
68692
67606
70828
65475
68025
69238
222345
65239
63831
67760
226259
223246
65024
70621
69087
100005
224106
224001
223392
225506
63585
67610
66275
64836
70411
64551
66801
224030
227254
225469
222860
70329
67239
63191
224321
225195
224381
69819
70321
223602
63767
69477
67080
66793
64760
66490
65092
65572
67639
67649
222603
226727
61503
63007
65360
12636
65912
63574
69525
63471
95639
224817
65596
66268
66701
67597
66733
67889
68310
63042
69598
63576
70718
71069
70000
63925
222057
223836
69843
67362
226592
68137
66740
66238
66308
226582
68384
63841
68580
69257
222394
236870
69109
70218
64108
66728
70458
63336
224190
224510
64104
70079
67254
63010
224532
225397
63972
67360
67701
65514
68942
226472
67619
70798
69675
62920
64924
64991
62961
223571
223400
66072
66622
224233
223920
67274
89680
69611
66649
63937
65590
70822
68394
91855
68681
95983
66478
66808
10895
63323
66692
222290
64392
70920
222432
227253
71140
70508
67503
66739
65680
68799
2098
226060
63143
7855
7285
70136
69215
69224
66542
63358
69539
65632
69469
68052
65244
69892
63867
66405
67243
66144
799
223213
69502
67278
66056
61446
7976
64626
63314
66064
65854
65504
70401
68000
70023
63457
70336
67232
61424
70003
222495
233206
63193
63108
70068
69607
67262
61465
69538
63492
65509
67184
222355
63152
68272
227048
66242
64274
225023
67588
63174
61455
63958
67829
70646
69935
226413
67392
70856
63427
65188
63558
224256
66783
70811
70835
62916
1427
66476
63059
69343
61476
63231
62941
70826
69542
11456
69394
62803
67989
65819
70189
68549
235917
67703
69135
71000
66817
68282
66424
64768
63228
68216
226318
70340
79134
68747
65032
226760
65857
70645
69687
65684
64630
66626
69400
64425
70191
68897
66345
70019
63168
226785
63290
66505
70898
70573
223388
223388
70608
62761
65011
70870
70133
65570
64069
69061
65150
69273
69423
66779
66137
64078
63849
10813
73877
224758
68647
66528
70791
64497
71040
63047
63895
68708
412
70937
61406
9861
222607
4656
64435
66969
68281
63466
70287
67258
66244
80838
221059
63761
63242
63520
68445
66090
67621
226365
2218
69444
69891
63912
224957
68930
12159
70211
70466
63477
1472
226282
69454
67633
62855
226471
226304
226616
65599
63163
66773
63117
7857
64155
69816
65026
70313
63642
62878
69055
69494
67909
63285
69679
222379
67225
70221
224308
68337
69673
62904
70127
66320
67962
62820
63863
67136
66780
64594
67923
66585
222380
69274
63547
226577
70647
63050
65143
223976
223977
68151
67070
69352
9180
69036
69601
70299
62997
63549
69761
65930
63037
67097
224012
222820
64967
221944
71145
63587
63807
68120
71196
225070
65964
223667
66714
67182
65937
70551
66176
70010
67888
227099
66252
70562
70310
69628
67175
69430
64858
66554
63370
66764
70103
71027
222097
71075
70261
71154
69235
71061
67790
63293
69425
69005
69516
66741
68793
69557
65288
64896
65537
66710
68770
70070
222747
68933
63445
68925
63417
69342
63475
64043
71014
64453
70346
227622
226072
62912
222555
228666
69668
65789
69661
226878
64578
69783
4192
67559
64204
68922
65362
70861
69863
222759
69390
70067
63181
64514
64183
69737
67823
63311
66711
73761
69625
70519
226350
66240
63568
225702
63052
67390
69901
222015
221952
63615
66343
63874
66698
69560
70259
66738
63206
64974
65464
10443
10886
71490
3856
65374
63525
66732
70853
67463
63855
68210
227044
226648
69859
63002
68608
227546
222912
67812
67005
66337
66506
70350
66205
70967
67691
70724
13267
224729
69956
63184
545
65409
63015
69905
68435
62870
67952
62757
65046
65115
65099
70035
62980
64411
68368
63942
68170
68035
69228
70089
70832
64276
66689
69558
68782
11909
224232
224055
65809
69531
227188
69777
68397
66891
69913
63994
63178
70554
62709
66412
67489
67201
69570
65257
71536
64685
65073
65341
70175
61408
223822
223535
64576
62925
69053
69547
66175
63200
66503
67627
69418
69388
65130
64624
70138
64849
66730
67902
69108
63385
11664
66128
67237
71542
224173
70588
227081
66672
68836
65609
66884
67092
70912
66993
70719
65352
62883
70258
68818
63006
67608
4671
69991
71098
65528
67932
224244
222354
65979
67170
66998
66777
70884
69535
69649
65926
67616
70284
67650
237120
226071
227233
68339
66043
67241
71730
67038
63699
63218
227447
61441
63851
224031
223297
70366
68643
70815
69483
63758
66094
70094
63215
70195
224624
72473
64823
69804
68242
71067
65894
63363
70872
66367
70717
63933
69495
69267
12175
70317
226226
66373
63541
70210
225982
64800
69412
70892
63684
66163
71131
67478
62845
69730
64751
64309
68937
63702
71071
63248
63812
66545
66675
69962
70098
64886
66550
63373
227027
227029
66441
64065
71080
7549
68180
223446
70173
68023
63112
63825
64343
8163
6493
66415
63436
66770
65841
70362
64778
64992
222651
224499
69977
70178
68889
68226
63008
69439
66974
66775
67276
73616
63857
225091
66406
64433
224584
224741
66378
224619
70374
70837
66971
68269
70813
62991
69458
222804
67221
66749
67468
66267
65200
64302
65139
2232
227601
223495
223249
63922
63484
67887
12969
69807
63068
71029
66521
67566
69569
65264
226657
224974
63505
66483
68415
70569
4160
63966
66256
108445
107014
104362
103489
105890
107988
222123
226208
103961
108202
103633
223147
108161
109044
109763
106531
225891
224823
105841
103545
103654
105658
224663
227084
104976
102086
108704
109557
106853
222476
222585
225357
103615
106691
225570
109769
109339
104654
110462
105837
111033
103645
111186
104352
226415
222038
224562
224326
105715
110536
105742
109761
108895
105399
110228
109771
105389
105216
109919
8766
105845
227060
104155
105123
106844
5670
110170
108669
104694
104733
109022
103991
103620
106869
104295
103720
107256
102057
103916
11513
105308
107580
223995
224782
109784
222661
225552
105800
103848
108085
105326
106904
222954
226217
107644
226725
104610
108681
3693
108919
13004
222856
224062
107681
103464
107727
222453
222723
109594
104884
108108
103770
104261
103889
106340
109869
109363
103964
111021
11560
224830
225240
111261
110304
110294
104239
109604
106693
106744
5580
102139
109753
107994
109381
106156
109242
107619
111114
108539
104300
110377
106629
222436
226965
110895
105094
226975
226234
227942
103827
104681
222728
104068
224010
104479
109212
111981
109887
108261
107441
108200
108173
107711
105993
109749
102060
104084
110166
104024
105363
109921
105677
110161
103899
109644
104304
107005
222296
106763
104332
111197
117564
105925
109584
110576
108371
104747
105919
105693
106244
106607
104271
109725
223652
222161
106030
222428
110095
106996
106953
106585
116468
104715
102083
136023
105487
106680
222090
105870
106626
110510
106068
108063
129769
103608
107391
104051
103507
105963
110474
105675
107097
103749
3431
110350
108626
106179
107053
110599
110461
107077
103922
108262
110505
227576
224699
109792
108067
109923
110713
2749
11686
226270
11405
107221
106138
108136
108182
104990
106195
227485
222340
106571
108524
106710
109070
107013
109716
227239
140452
111346
106599
110412
108263
103748
110778
110836
106811
104153
109589
103957
109742
103953
103415
105375
106651
111213
108930
110442
103530
109131
103495
108903
110678
105672
4212
107059
111160
110738
104018
103700
104808
103590
109480
104821
104194
106142
110843
103969
224160
103640
5728
106989
6053
104575
224374
111401
227202
223619
103627
106603
103176
109781
104878
106199
104564
106008
106874
109832
108665
107612
103475
106974
113037
107167
108565
110936
109789
103855
108049
108560
109669
139670
104437
224367
224122
103525
106961
103775
104661
224762
226078
104275
104190
103417
103440
103805
224021
224497
108618
111178
106014
7322
110874
108809
111345
107064
110550
108849
223004
225187
108472
102107
105635
111557
104785
226293
111037
221071
225218
223307
107790
111777
104548
223093
222454
103939
108890
106938
222824
106214
110603
108718
109077
111352
108125
103967
107447
109327
102340
226480
103688
108177
107114
105843
108228
108175
227054
222766
225103
222569
103479
109694
223163
106797
105310
106814
104803
107919
223943
110492
109957
2645
118934
224509
111318
104587
111337
222812
117496
103887
105827
106969
107386
104258
224263
7897
124830
224397
222339
106910
103427
226528
227561
118243
109591
108393
110869
111122
109645
103694
109633
106036
110597
106790
108584
105162
225602
106194
108941
110806
103683
116201
108276
108296
109030
106538
106984
225831
225210
103976
11411
106804
108022
107012
5242
104140
106609
111267
103722
107659
103926
105736
227131
106980
106712
13288
109546
108045
10269
107052
226832
107054
105996
106841
227584
103630
226763
226761
222501
222993
103846
104709
110839
10093
109889
104894
103581
227550
238940
110009
110513
107462
109395
111130
126063
112744
103866
109373
110124
7893
107910
224037
104819
106354
109963
112508
105848
226776
13355
107487
110367
104929
111137
104441
102073
225546
227207
224264
224634
222482
222366
104101
109867
124818
105489
107815
109983
105787
225502
222407
224814
222609
4540
3712
226647
223095
103459
107814
109008
111195
103498
119335
111349
104520
104196
110188
221095
226920
107050
109811
107628
103982
113896
106645
106623
107664
11373
103430
109939
226502
105245
107960
109674
103943
110765
222466
110611
223295
225838
107037
103680
107177
110818
109969
109680
104457
106055
105179
126750
105530
110191
110072
103514
109197
108580
107571
11969
222730
106499
109853
104322
109224
107032
9502
12147
105779
6167
103551
106218
104923
109325
105001
109529
109048
110865
108300
222786
110998
227504
106062
111081
104828
107879
111350
105679
111027
104827
265
110241
1651
105209
224197
110171
105901
110624
110983
103832
105966
6353
106979
107826
130944
104569
108791
103667
226547
104499
111332
110516
107602
106076
226321
103802
110463
103542
112034
124076
105411
270
111015
109945
11722
107317
106347
110287
222831
108590
108155
107111
105377
106991
227301
226732
110911
103612
226267
106592
106027
3745
107047
109844
106828
105534
111254
102132
103642
108992
109459
224301
104510
111168
104980
111108
104935
104349
108555
110500
108438
103713
105831
104359
109791
105387
105646
103945
106852
106731
105638
104922
107080
104656
104365
105047
106832
106706
103841
111381
103742
114134
107740
103462
110494
102092
103648
222169
227118
104355
225887
104986
103850
105714
109660
105198
106639
104385
109307
109135
105733
107455
106688
107769
108167
110485
224683
110784
105681
102144
109088
110192
107485
107075
227285
225339
109278
222817
223848
110639
222368
111159
107634
103657
109972
104390
105154
110334
11255
104324
108148
226624
227089
110780
110449
109522
111169
7342
103728
104823
107558
105454
222382
10675
106880
103637
110112
104012
120138
108551
110556
105131
110278
222386
11415
107472
225917
224795
110487
107699
104543
222455
110590
108364
107436
107073
110135
107102
109727
226670
224242
110540
111097
111095
109004
109112
105372
104931
107105
105850
110351
102134
104016
111022
107886
110173
103731
108605
223174
223706
106621
103792
104528
103492
106827
105609
105642
13278
106637
225186
237748
103443
103471
107974
227403
226120
102156
108913
109767
112566
104097
222001
222880
106817
106842
108769
109894
1060
225445
106198
227040
226591
224630
106557
107438
109437
108184
103885
105166
103896
109975
110335
103735
107611
2921
8205
104192
106469
106978
110375
107164
108087
10719
110871
108084
108464
110428
226672
104291
105689
110956
222467
110801
111128
103893
105731
106508
111410
106682
105497
106379
106501
226726
227010
103521
110115
107909
106411
103739
106816
106892
104471
103709
111120
106760
223518
222352
104420
107028
109782
104657
105943
222725
106708
104862
106046
223935
109831
103421
229783
104915
222082
109379
110016
129558
108427
227225
105492
223962
109804
107782
104335
109173
109744
107582
105723
111291
11368
109578
110085
109960
223427
227187
109260
9104
224201
106812
108765
108127
227317
226084
226633
110379
103660
106387
110194
106529
106590
109568
108569
108484
107419
111100
133419
107400
226054
103902
106840
108778
105383
103759
110593
103744
6689
109120
226291
223268
106232
107963
223371
103988
110110
106698
106323
106834
106488
111013
225701
227248
103517
227643
232341
109034
107874
110272
105274
105875
110775
221388
109454
222724
109182
124
104524
109826
108135
104286
103604
223988
106457
105687
111093
109401
109581
105775
105691
111047
106166
226700
106815
104763
111251
226202
103836
103468
103588
108854
106204
105006
221939
223842
225670
108094
106540
5556
109609
109007
108164
104975
104943
109190
223397
108970
110605
11734
108074
105450
104459
107222
104004
223909
106597
108159
113908
104298
106863
107708
110333
103448
225135
109805
108169
107833
226314
224136
110293
109361
109813
106579
12956
108481
107729
223639
232542
111363
104562
110370
103686
106381
104941
110246
111235
103820
9666
106372
111211
110260
107466
104469
138753
225930
108250
110438
8670
110305
223812
109384
223751
105768
103623
110607
104282
103979
104263
104306
108872
103933
104031
109531
108196
103768
1551
222347
108274
107424
139352
105577
106562
108119
110144
107591
110480
104183
106985
104413
109803
106823
107653
1613
106217
11918
103502
227184
227303
225685
102066
104250
109518
3801
225925
226675
109879
109602
104308
10785
103844
222238
107078
109009
111249
104367
227417
108152
108786
103596
104182
109284
109510
104906
106641
103810
223461
110419
106164
111201
111362
106745
222813
111035
104558
104232
110509
106820
108360
104302
107378
111369
108502
110800
111425
112857
108319
108646
222767
103698
104454
105266
111020
109657
103998
103960
108354
109937
111225
110070
103818
106051
103859
222660
126916
107668
109150
106916
108487
108964
1454
105748
102088
103993
110172
104066
108069
110826
104145
103863
111126
106761
108140
111118
110369
108079
226001
223242
106216
110414
109755
1947
470
107061
103548
104488
110067
226461
108258
109682
226351
224534
109094
226185
108342
110050
104425
108411
107818
122740
105291
110613
110311
109739
104392
111199
109203
226764
105652
109931
111072
222287
106673
108271
105866
104357
110595
225407
103913
226973
374
112521
226099
110825
226227
222570
109654
107648
108218
106785
130292
224016
224747
111067
104638
109618
109026
106418
106577
110719
226562
227605
103815
109333
110208
223259
108983
232731
105190
105351
111215
108146
103726
225742
222787
110148
103799
109662
108998
105791
223140
104983
105549
110318
222613
110397
106172
109877
105176
107941
110313
105472
4397
110310
105385
1430
2659
109993
110220
106394
106718
226430
109370
109051
104659
224428
108713
108065
13264
106476
108107
106803
110951
106831
111161
110097
110099
110324
108028
103812
104516
105765
105927
4654
109986
111203
106653
109712
105719
103539
109641
106990
109403
225832
224382
105683
111060
104490
108415
109421
108223
227588
109700
110617
224313
224344
104265
222991
102095
108092
125054
104939
107229
108514
222494
222496
105727
110532
111205
105452
111353
106932
110919
110417
107029
106449
108180
110326
224334
107007
107001
105784
110164
106552
110609
107263
110243
103481
107004
104236
106802
225626
109245
223980
222280
106260
109696
3768
111062
109176
104740
110342
223993
110136
109257
111049
7859
109785
109247
111208
109536
110253
103754
110430
4174
109166
102116
105700
108509
110863
223114
104180
223453
103871
3424
226220
227387
227260
106040
108293
109713
110137
104805
103670
111221
223894
227367
105555
104759
110937
224251
109966
109783
106399
109535
107120
110091
109078
104556
223634
225945
104256
104372
226869
223248
107089
106003
110511
107079
104128
103418
103716
110828
110958
104341
110660
111207
107765
110601
110615
104188
222489
106733
108209
111193
110658
223036
105415
108058
102141
110545
108950
111147
109424
109586
11754
106894
106883
109064
110299
104514
105428
222460
110027
224395
226655
222809
109904
106933
104592
103794
111110
227216
106950
107220
110447
111143
110312
110554
103747
110337
110475
110493
107335
224235
110512
109705
110344
224402
222200
107518
105989
110399
107258
102071
106903
110435
104898
109630
226475
110175
108100
108973
1972
222975
226076
223288
223424
106923
112354
110217
111052
106721
107015
108562
106131
105059
222359
223970
105435
106821
111347
2674
222304
224511
109750
110155
104477
110531
104506
110994
5153
222743
226638
207048
107428
226090
110879
106925
106420
105711
110621
105694
106777
103677
105022
110669
109552
110134
104319
222060
223960
103878
110909
12626
108078
3513
225078
110045
103737
102063
107198
107367
110042
109149
110834
103582
104073
109616
105804
105975
109994
108612
103823
138775
108609
104796
106739
106806
111238
222721
105404
104131
108420
106332
108294
106954
222815
108332
110145
110149
109842
107431
106968
104173
106884
105393
226018
225343
226337
225723
222732
108232
109262
110343
227245
222740
222999
109685
105073
223785
224245
105077
106939
108353
103484
105150
109432
107243
109560
108215
224533
222409
224982
223172
224358
105463
111429
104021
111106
104054
103618
139674
107554
110286
222176
106649
110158
109226
110036
227251
222653
685
224642
224605
110445
5853
109283
108033
111568
103662
110393
107254
103757
109992
132418
110809
106885
105143
107684
103783
107369
110011
11770
104111
111029
110754
226867
139534
105772
103705
108171
107551
223229
108011
109912
107373
110127
111424
108035
103563
104618
110300
106343
104198
106401
111058
109918
111074
226583
122452
113010
106091
108416
110465
103411
2338
110055
108954
110378
110214
138149
105113
222445
104518
223290
223564
105739
7909
102102
105796
104092
104846
106716
108006
103533
110804
104685
104573
133217
105620
106999
223497
225496
224296
107217
226605
110822
110877
110336
226129
222353
104035
103393
111351
110248
111184
106973
106727
109025
109891
106583
108861
110985
107756
119370
103874
104838
103566
110205
117467
109547
107820
226370
106337
110325
109505
104791
110152
111104
225830
108574
104317
111242
110100
109624
106960
109573
106605
226858
227321
103869
103789
107099
103948
106351
103586
106752
224536
102109
103673
111050
102130
104369
108965
109447
12154
110717
109901
105716
7285
225140
225141
110521
106845
103570
224135
225203
111054
222444
222439
103751
106926
106949
108459
109719
103829
109954
109047
104615
108471
103692
111112
105381
110968
110400
110402
107085
108114
108021
104443
103396
106102
110715
109207
110251
106941
105219
106997
107063
108298
108210
226409
107240
136968
105878
222364
104495
104027
110486
106843
110292
110197
104492
9495
225158
102113
223768
109347
107361
104168
222360
106868
106625
110032
223592
223901
223899
104382
106161
111283
108832
110006
104268
226384
224446
105069
108409
135604
227182
107252
106240
104375
115093
103772
109859
11764
226309
107460
222473
223818
110356
109415
106709
103919
106006
110117
106781
108142
108857
2981
104009
226340
109910
222433
224383
224345
109407
103838
107406
106192
105397
104006
106507
103576
110646
110974
110090
110702
107885
108624
104560
111229
108068
104504
104327
106494
111372
103777
227075
224230
110065
223552
225885
111158
107249
104147
107883
109846
223391
226682
103423
111316
107278
227701
104409
108205
227378
107731
107142
105272
110376
223120
104329
110053
104137
109882
237145
226559
225254
108460
109775
111624
110583
104671
105911
226383
106886
107483
7368
7509
103357
108731
107973
104099
110569
224168
224265
224391
110008
110561
103937
105864
222002
224179
9048
107532
111083
106521
109816
104378
225328
110270
105835
108016
103930
109541
225741
227156
106237
106329
109611
106917
222281
223921
104937
109885
103764
110954
106422
110711
106447
227079
107414
107020
105582
103908
104817
226256
140454
5813
103320
105795
110745
110881
125375
108777
109458
223819
223778
109860
109852
136193
226564
225740
108730
105151
104186
227381
223245
109277
111135
111089
105021
109790
226697
223671
109948
224895
106326
105242
108190
105829
223820
103702
106750
12150
110222
107951
109843
105513
103733
107806
106887
105255
226757
123725
104525
109861
103601
111016
105543
104346
223425
106459
222818
107539
110362
133793
108528
8970
109907
110706
106321
225769
107030
224341
105204
103438
108912
106209
107025
225825
111142
108581
105626
109821
105042
105250
226483
106581
108288
111694
106177
103762
106678
105790
111124
104872
105702
105206
223929
222774
109987
226835
75691
110455
107060
109793
222808
11641
106922
104738
109999
110058
107526
110277
110186
105028
222752
110708
106159
104650
110740
105440
224776
224638
110563
104481
110390
103433
104389
104279
223968
107916
110771
110150
122743
111102
111217
102079
111223
138728
104676
103557
139357
111303
108881
226422
107018
106369
108081
126955
12974
103401
108507
118035
109320
106881
107775
103682
110672
102142
104060
107506
108599
106573
108193
109613
106975
105051
108808
104158
106942
106314
106174
1006
105211
109014
111406
107755
104103
108061
106714
110062
104853
110323
106594
104579
138071
103876
109653
105718
108071
103536
224912
110007
104697
130304
109741
105839
7299
225515
106655
107931
226728
106257
223936
106619
105914
222849
103404
104248
109083
107448
226275
6991
104245
149227
145210
151136
147125
148283
146395
143348
148513
222835
150834
227157
227306
227309
223188
149619
145467
6070
145901
143300
146925
149615
144563
147866
227415
227299
226005
144579
145361
153313
145624
144631
146297
147076
148652
149495
150954
222785
7436
150266
149418
149600
7843
143763
226287
223170
150157
149767
150888
146778
149333
143812
148602
143792
148220
150329
224357
225283
147794
146616
148500
144877
143183
149589
143259
143950
144808
147434
150802
148432
143709
147790
142979
7969
150066
222373
147923
147629
149339
146496
145949
144349
148666
149246
148733
146702
150584
143029
145442
146230
148579
144602
147821
150209
11673
143158
143310
148073
150743
148775
150535
143091
225695
11299
222348
150481
143860
149832
144787
144858
165095
147648
143781
223370
222370
144915
150121
150251
147781
148120
149396
3965
143719
144051
145569
149739
147132
143095
150429
224011
222738
144779
147700
151202
149668
174828
146332
146711
150160
224682
226070
147709
144187
144237
150058
146812
143248
225657
225655
146793
145956
151210
153404
224093
221986
143307
221949
151176
223132
239071
223131
234157
222374
146393
145732
145061
146693
227142
222216
143160
144609
148849
149426
226392
222517
150278
143059
150274
147983
147262
146289
226537
146450
149572
151059
13024
146062
149847
149570
143907
144560
147515
146432
225300
225333
226083
146422
143037
145451
149306
227426
150342
144998
149988
149389
144157
146538
147426
146248
226798
149868
160400
223878
226718
222213
225961
147742
4895
226544
150029
149679
150288
144612
144021
143329
143938
149482
143431
147161
227284
150052
222662
222819
146464
147965
146820
147980
226952
9517
224608
143100
144325
225793
226818
3108
148938
222806
146589
224302
226958
146533
151479
148635
149592
224305
226990
224032
149162
150605
151216
224563
222826
145309
248
146338
144664
143013
143371
146485
148844
144577
222328
1222
149309
144200
143715
1685
143921
226396
146629
151220
146650
146274
146931
149818
150206
175155
6034
143256
146511
233102
230511
150220
148138
224246
148670
146944
146388
226098
225209
148533
147501
145636
150269
146460
222830
148094
143370
144641
145849
12242
143390
223763
222972
150541
145086
148483
143044
149983
150800
149645
149027
150011
147756
146078
146458
150300
147328
222810
150364
142976
144832
224342
226188
149738
143734
144249
145561
227642
147174
146785
144989
145701
10751
149880
150455
145541
151021
146743
145192
147898
149233
225559
146774
146313
145441
150908
148538
150500
143904
148601
227197
145764
146061
143414
145616
144326
144234
147929
149284
151388
146424
143010
146557
223922
225351
150248
2683
148892
146706
144921
144401
150384
149300
147907
146340
149307
226635
149571
148944
178337
222202
147297
143887
222711
151015
147698
143660
151128
145504
7878
226394
147934
225996
149286
143923
145057
147154
150225
223116
227026
227175
144111
148512
149145
145818
146950
172158
223271
147042
144303
147778
155614
143244
146390
160326
147256
149624
149421
144340
150525
146286
147088
147894
150249
145763
148048
141816
148665
225312
223673
223621
222807
159941
146525
150880
222318
225901
151215
225628
223990
150283
3541
143271
150527
145169
222277
148289
146392
168191
150438
147007
144883
225031
149575
221955
149362
143166
150918
149814
144818
146294
151131
144348
151056
149684
147930
6761
151159
146322
150055
145961
144917
149653
148562
148782
144587
147232
149819
148910
149971
149519
144962
150926
150139
146507
222762
146527
144555
148009
143151
146414
151198
147847
143238
149752
227143
227009
226612
226614
221244
228637
145068
150782
149863
223732
224143
149422
147570
144513
150653
144520
143254
151894
146258
143262
149213
145123
3974
226469
11859
144090
225856
148477
146317
227280
175731
149273
157235
149573
226457
229502
147828
143241
143236
147851
146222
224824
226792
143658
150317
224298
222417
146167
143737
175243
147486
147063
149283
144039
143530
222956
146719
149635
147817
222040
226242
6458
150838
146184
143275
147409
145334
148608
144229
145346
146544
225127
232155
145303
145517
163462
147382
226574
227104
143064
147057
144389
222710
143666
146615
224041
228489
145945
222199
222327
224023
228540
223913
226387
225538
228086
226047
222658
236551
224099
223788
225222
9121
222396
221942
226372
227036
232119
223931
234781
226195
226506
223374
227515
227384
12481
226741
225467
227520
225166
227025
225123
225771
225282
149210
222404
225591
222683
224666
223749
224115
225970
222080
226355
225530
222704
231404
185235
184208
182637
234945
221923
185454
188883
182283
188057
183940
183503
184188
188419
181903
226499
183617
224134
188455
185142
182362
208551
188079
188532
189548
186378
3124
182994
181730
1116
181878
185780
184664
184090
6456
186564
189736
181972
180166
227167
189287
180140
188632
189931
6277
3719
185870
182587
185815
185555
188608
189686
184325
181941
181499
187755
224189
224167
188986
188628
184726
184773
189019
183196
184667
226660
236298
188300
227108
222796
189906
184685
186673
203513
183807
226641
224064
227145
225200
224150
181994
185210
222251
188253
185296
186741
183150
223404
3641
186878
184539
186614
188538
222839
189145
186846
185899
183972
188899
186479
184686
185240
180155
189348
185550
189996
183714
183814
188154
185271
189039
12248
183219
183776
189640
185327
338
189091
188957
226240
222168
181531
221074
226225
185232
184307
183649
184957
222084
222797
188845
187927
184638
189560
180104
183754
188413
185073
184581
187893
188191
186501
188796
185274
183335
185201
7263
188825
188262
188356
222639
185054
3027
183446
182783
188754
189788
186201
1548
181968
188342
188390
186433
185052
187840
187734
185625
183979
189901
187090
182442
217620
188898
182117
182933
180195
184343
181977
186642
181630
187884
187322
184701
185312
225875
187055
182197
187191
185206
184797
187624
188869
188619
10338
188214
182596
188969
188052
224412
184417
185777
186537
227090
185759
188530
183431
182595
184636
188534
182028
188614
187013
186478
185682
188994
183750
186231
182366
182070
182435
182120
189299
183606
189488
183367
188813
188089
187131
185755
189694
188508
185133
184863
187174
188425
185661
188880
184628
187074
185962
189016
188236
184386
185186
187645
221065
186364
182078
186252
804
188936
185298
185233
182005
182354
188280
189851
226879
225278
188978
186135
184262
224236
3171
182672
183203
183961
188225
188627
184334
189383
207015
181712
185644
185647
188215
181827
183798
185282
181917
209165
189175
182579
183622
226768
11080
222262
181925
225869
189860
188258
189964
182720
228212
224042
182431
181764
187391
222020
227530
186483
782
184204
6230
208639
226645
223254
183308
184904
186406
184945
182064
189835
12444
186496
226713
188929
187297
189799
189158
220057
188839
184193
189123
226233
188451
189014
224191
222376
183873
226449
221931
186373
184652
187243
181876
183840
187333
187329
189573
226799
223633
8488
186392
186290
184912
182084
188201
182517
183498
189932
183471
189902
199381
223354
182553
185263
183958
184856
185773
187268
187979
188903
183805
183433
183934
181850
186560
187944
183458
187604
226516
183404
182519
181724
188643
194877
186719
184458
188144
184659
184598
185287
188549
188998
186368
182792
180217
185101
185704
189127
188369
182374
188524
189790
182701
13293
186586
184887
188482
224703
202608
184555
188042
226522
226361
185007
182734
185119
187439
188901
181748
12169
185618
182025
182203
5734
186003
224492
222776
188363
185794
183379
189904
185876
184622
9941
189513
183580
188894
222670
224364
223750
184051
185710
188024
185573
189712
182852
226357
1259
189280
188149
182102
181653
181894
189219
189375
181660
182515
219297
189948
185769
189688
188639
4221
221960
188195
185506
182407
184520
188888
182614
188686
188234
182489
189092
188768
204326
236962
184780
183898
189770
186469
184812
182023
186409
182551
185836
188473
185108
189809
185736
188196
189075
10950
186453
181981
186286
183159
189001
184836
187702
12236
189129
181790
182989
5861
227401
225142
223620
187403
186783
181525
183763
188992
188233
189886
188020
189396
224633
189937
185100
226456
229522
186134
227491
186668
182287
184921
186053
188008
226640
223410
186276
187456
182051
185411
182371
188401
181715
198327
185136
187064
222790
186574
2128
188458
188073
189704
188622
188930
224204
186936
184832
188064
215349
225109
186578
183236
183842
7599
182983
185285
185249
185732
7880
182136
188491
225154
225638
183587
221081
189692
182438
186407
222102
192839
186484
227050
188543
184255
187143
8145
182972
189185
181679
225508
224175
187421
185104
182089
185364
187647
185176
188999
181807
183757
189133
182608
187321
189651
186162
187751
183188
186920
10002
185038
186522
188038
192585
189758
226809
235479
185949
186316
188715
181599
185000
180208
184284
187381
187154
187039
184426
189395
187883
181766
186905
184516
185313
224451
223280
189764
182501
184376
224577
226673
184012
223292
226569
182530
182207
188991
182644
181535
181586
188131
184849
189034
187239
186708
188859
185072
182242
221975
184199
188629
189273
222503
189945
225190
223235
184827
224107
185102
183375
182880
183552
186299
224493
226573
183838
188802
3140
181909
184171
182857
183002
186760
218228
188198
182418
186236
189235
185536
189980
182638
185246
226937
225659
189724
181728
189334
186763
12894
222179
222840
187950
182547
187569
181798
182352
187917
187278
13150
182219
188681
189035
188584
186233
214617
186020
189202
188291
225236
223915
223916
227196
187089
181666
182176
189052
11743
183303
189916
187350
3440
222571
225555
187134
185543
186622
226454
188923
183016
187392
184911
187544
187454
186576
188846
189987
188426
225608
224028
183947
188769
189516
187397
188376
224531
227375
185053
227208
185228
185589
224026
222576
226654
226442
189575
181781
189362
187851
187991
188323
188770
189569
188199
225335
226197
226312
183371
185299
187886
185147
187726
182589
182273
181818
187208
185390
181534
188706
187835
189601
184401
184649
181777
180215
188392
233797
226626
228958
186709
188004
181839
181923
185539
181773
188790
185107
226211
225757
181936
189617
188382
181901
227217
225237
187249
186428
182752
188897
181841
187146
183752
186600
181804
181859
226988
224118
222669
224648
12481
13357
184703
189355
182714
12193
187526
188801
225587
224312
187931
183139
184826
182043
184814
183180
227031
222574
222331
184492
181852
187339
184782
11671
184673
185843
186965
181750
188207
188197
187258
185301
184504
227092
188866
187767
185106
188460
183194
188457
185395
180198
185120
186298
184809
189592
187833
185197
182870
224153
226871
184347
185765
10628
182743
184910
183049
225642
223688
182166
227633
222227
183981
187984
189599
186729
183110
222751
189622
182585
188861
184653
189567
183542
188302
186339
186465
182325
186200
186376
183637
187592
188851
185028
188857
189473
185784
188896
188183
184745
183358
183359
195964
182936
181692
189183
189290
183953
189953
223698
224046
186338
6245
188576
180136
12832
189404
186628
226327
226808
184885
224394
225837
192541
187960
189876
188808
181575
185918
189342
226068
183147
188202
187193
223387
227004
189434
184862
189864
183084
186587
181696
224120
229479
188721
185022
3060
181677
183596
189845
226556
186582
186274
183707
185227
187737
189603
188593
224025
187415
225974
225160
223087
181943
222486
185294
183986
182118
221998
226888
187365
189708
185033
186182
185051
227507
226362
185110
184591
182965
183976
224165
205559
222750
184775
222778
183964
190890
185323
188536
181875
184214
185311
189780
183549
185085
182398
181920
5232
1456
181568
188030
187478
185145
189925
183786
226719
225984
188420
189648
185036
189025
181656
189237
188814
182598
188759
183508
186706
189366
189635
185551
221937
180202
186382
227364
200645
188913
182002
222045
226557
185150
226366
236247
184139
224187
182523
188574
181752
183845
186317
189596
183383
186781
188922
222095
185275
189301
185300
188900
187653
5572
186819
183903
4529
189870
185281
186540
186687
188824
189590
183465
187695
226335
224363
224252
184181
185767
227085
225341
181518
182600
225466
189938
185155
223123
182010
180132
189844
187769
184177
7866
189270
223780
189607
222802
187922
222198
222788
189326
186887
187709
185366
181594
189089
182900
184045
190773
189135
182218
189604
183819
187176
183761
188710
3126
202734
189673
184858
186189
183212
185091
183429
217941
186989
184411
187213
188033
185860
184432
181643
183362
225102
187579
187878
188453
189047
224388
7261
186043
8694
185238
186185
223949
225443
183077
183900
182235
188380
235019
188113
186386
184186
184548
188395
187414
186168
186304
185132
214472
3837
184988
222362
186632
184558
224333
224193
189872
182141
183793
183899
184895
188648
186238
186069
181617
181965
183438
183571
184818
182433
189576
188435
226698
225113
224335
224194
222343
183558
184984
185218
188314
187529
186461
182887
186714
185782
188756
197108
187387
182380
188308
187374
186954
183044
185230
187025
183737
187009
181987
187417
189012
182526
223110
186597
222061
225188
222530
189544
225631
223065
182980
188571
184996
12718
225294
184627
185030
182195
189486
187629
188194
225281
232154
12484
5939
185001
183713
7900
181633
182383
183343
188982
2826
188122
186944
187971
194997
181760
188666
8449
181975
230715
225618
184165
185208
181779
186566
184605
209390
186064
223645
189058
188120
189049
182423
188168
184947
188055
184746
188737
11390
182179
182199
189974
182109
187167
184847
185149
185778
226486
182034
183767
187377
221087
182507
184803
184305
184962
188934
185103
182862
226213
226212
225286
227227
183338
187930
185247
224386
12623
183871
180145
184077
4065
189081
188744
185191
189070
225765
184333
189598
183164
226425
7572
227297
224505
226989
182400
188771
188177
188690
186352
183745
225321
225516
184260
189503
226987
226874
188893
190001
188433
186197
2876
188657
187372
5533
183772
183772
223285
183175
188325
185378
180125
188452
183609
182031
187014
188914
184323
182342
180114
182411
186445
188445
189461
188654
186097
188188
186152
185016
181867
224359
185169
181769
185841
181709
8226
182452
11905
223037
187385
184737
120415
223849
224384
185116
182252
234890
10771
182289
182205
186397
182076
189792
227482
3968
12930
187185
184013
183804
181674
188216
183487
183142
182521
184523
188928
183157
188244
182660
186499
188372
186119
226857
223240
186752
200568
181621
186199
184909
225577
186058
186713
186325
182327
189898
181556
182017
227103
222713
227272
182388
188626
188354
189358
183602
183809
189740
188310
223389
233334
185629
222821
186036
185255
1215
223393
2814
182416
185236
184690
184574
183583
183970
180164
185810
224621
182455
180190
185143
184053
8071
181596
188868
184769
186435
188012
183796
185545
223784
187640
200429
226659
223267
188564
222341
182894
191131
184020
222803
184506
11762
6936
184387
227593
181542
186658
185017
182459
186513
183039
223233
10450
182238
188955
223814
222742
182750
189543
187633
183859
182709
186419
11552
189986
182642
188750
189700
181581
227035
189514
189782
188588
189563
184329
189786
185326
185878
224716
227261
182121
183414
187204
182575
8464
7918
227412
186788
181785
181797
189606
197019
183526
186100
189174
184576
189684
223730
188494
189620
182616
187814
184806
189017
222050
223624
222726
186044
187536
189494
189114
186959
188704
183904
227136
226545
236767
186164
187671
180168
184820
185071
182505
185383
183387
188990
183908
226883
189418
226187
226222
184795
189525
185972
183742
181521
182858
187169
186638
187740
185241
186852
184851
187949
188514
225006
187224
184893
180211
226264
189581
183385
183444
10438
183740
187416
182246
180107
9512
183982
187514
185367
188318
189909
184697
189044
185966
184359
182626
186861
188745
185893
182539
185092
186558
189036
185745
181801
182403
188446
188404
185952
181646
184615
215897
185792
186550
184005
226257
224277
191723
187762
183243
224220
224223
185181
188264
182150
182391
189478
184953
189662
182741
223329
184232
185761
189305
187299
188093
184580
188729
181504
6578
223241
226414
185310
188208
188284
189384
185117
183522
188330
187720
187396
188103
225943
188966
189469
188641
187543
187418
189349
189812
189626
187270
186903
189415
182581
181740
181990
227186
185137
185670
187554
184951
184942
183302
183481
188858
189633
188316
3448
182169
230582
237580
183739
188141
181984
188995
224269
223759
184917
222921
188414
181854
181588
188321
182611
202825
187550
227886
222205
183447
188879
185403
182645
186306
188293
221089
188447
181529
184585
184446
182461
187619
222120
222771
184570
185753
2818
182291
12164
188853
186572
184066
227250
183389
188819
186527
181762
187611
180116
189065
182356
186853
181635
187388
181614
183533
226625
223608
226258
224164
184880
184361
188189
188307
136
226348
189613
188652
181983
189192
188985
185059
187157
181856
186451
188826
185094
188213
187471
223637
186048
189028
183864
189509
187260
186766
188358
189452
185283
224145
224702
189921
189972
185231
188136
188417
184661
223153
189401
181888
184137
189696
185099
2259
186154
188881
185148
224163
188246
218713
185027
185401
226306
206435
184853
180213
184824
183681
227255
186187
187551
13051
185046
186191
225437
225177
183252
186088
185013
224038
225627
188374
185786
185248
182780
187375
186694
187547
186344
185305
188611
182047
182229
184243
188834
188720
189433
186908
186743
186780
189368
181650
182385
183611
184287
182015
189108
181627
189572
189322
182213
185086
183902
189638
189073
184428
184838
181640
188126
189083
181694
183297
188067
226859
181743
189207
180160
186032
181955
187627
181698
183917
222814
187507
185352
226554
226644
224229
225396
188476
189313
184764
189247
183079
189578
221977
226378
189413
189677
184793
187095
182258
189933
188239
188086
225604
225274
185288
183373
198705
182661
184365
184635
185161
184153
188503
188165
186355
189350
182105
222546
189956
185042
185910
222117
182631
184798
226622
226818
189027
186531
181897
188050
181603
225613
222850
224494
189690
182921
189900
183560
187359
187885
184878
183988
182057
12213
222214
222224
184867
189149
183565
183381
187343
225152
189139
227551
226863
227547
187598
225315
227045
185293
185386
187180
188548
184717
182448
186349
195350
183178
185304
184873
233977
184486
185572
185334
225174
226447
181733
225683
222622
181830
223151
223615
184889
187874
186670
182160
182393
188617
223896
223416
187635
182188
189178
181999
189098
189805
189060
183590
223864
227155
182201
181949
226100
222811
222195
485
220264
189232
7868
188434
226380
222782
183391
198067
189602
221946
205195
188454
226124
224108
223169
223160
188092
189982
189552
182440
188206
188432
226968
189924
183041
185269
226482
223435
186266
181690
183929
196998
187744
182457
187409
184321
226012
222225
189675
188683
183401
184319
188789
189042
186487
182748
188192
185264
187977
187928
184000
227077
187617
182960
189710
182486
189242
185128
222363
188110
188672
189723
188486
183825
11655
224290
182232
186769
187312
224343
186529
231782
226933
226567
225342
185668
188971
223075
35849
226521
188209
189181
183700
188178
222852
225432
224212
222492
222780
222346
188767
186307
227219
226862
222748
184342
188596
222719
186255
225772
226730
222828
181609
189236
183835
185034
189828
185529
185219
189927
189160
183032
187028
181961
189254
189926
182760
189679
185707
223918
223919
181848
223702
225297
188156
186171
188427
183923
185925
185351
187037
186899
183544
11715
222458
224748
201540
182726
182099
182844
188448
180172
222344
188840
186362
185058
186283
187753
6120
189327
188115
226994
183759
186159
182728
189646
189037
224732
227110
222825
180100
186450
187011
226290
226986
225196
185318
187234
187622
189410
186477
189774
225594
227097
189643
227096
187075
222645
189059
227071
224029
184822
222091
182008
189654
188705
189323
185214
183906
225871
224773
182396
182125
181686
185273
183330
688
182285
188612
185250
225212
232020
185363
189702
185346
181718
182066
184787
187560
188996
183531
189976
188071
186308
185284
183556
183518
184353
194558
185757
226286
183182
187981
9138
6004
5993
189810
189096
226724
223351
188662
188773
188327
184906
10899
188497
188013
181508
188751
187521
235994
182012
188500
189669
182445
181703
188975
188997
226756
2737
4774
181912
223598
183802
182413
181947
184102
187684
226199
11927
188440
183063
189565
186366
226261
226451
199198
181684
185839
188478
188983
226693
208912
223243
223934
187831
13322
185638
184986
186166
183132
224185
225574
181524
188080
181833
182775
182591
181612
188889
222377
183748
185202
185166
188775
222772
183672
223585
224203
187073
180180
186562
189143
189351
189364
185340
183076
191166
183881
188456
184736
184314
187485
181547
182237
188228
186855
186009
185050
223850
223979
188312
189479
187450
188415
185295
188965
187499
185276
181881
226436
225389
186800
223135
225873
225962
223214
226389
189939
184712
183704
188621
185741
228520
221722
181663
182377
215686
188763
182349
182074
186548
183717
181951
180148
189240
185717
190761
187649
188274
227294
186467
227067
183406
282
182427
185032
182155
183625
183646
186384
189918
189965
184891
182820
12758
224842
223697
183933
189162
223892
184082
189919
11669
189101
181706
182513
185006
223080
186544
189230
188002
188159
188190
225541
225284
202036
189137
184543
188200
225808
13046
224009
185339
187859
227278
182705
184834
189487
188761
189303
222131
222369
187997
185380
187797
183078
224721
182248
7123
232664
187580
189289
183537
188547
185584
188174
186830
224275
182509
182821
187854
189147
184922
183910
189935
188271
188963
183060
236671
226073
224126
223925
183460
185105
185796
182602
181688
185015
186824
186157
182420
11164
182610
189930
188348
189393
189246
187954
185196
181553
186241
183997
186277
189131
183369
185234
201129
185209
182054
188874
182594
188738
183680
227602
186556
187777
185029
224365
188915
222384
183065
188941
181892
182970
182809
189997
226263
182583
189746
183029
189839
182310
227371
185229
182279
188644
189411
181538
186543
182357
236588
227611
186331
189997
185111
189141
188220
223433
182525
186430
225995
227243
223502
184645
184648
184715
188781
224034
182020
183647
187674
226669
187452
188610
190999
182973
184610
222764
189544
187848
11862
188833
224091
222170
224393
189854
186716
185109
227619
181915
226371
189007
189615
184805
226473
168962
183535
208624
111696
185857
208624
226972
188036
225924
221968
22447
79624
222649
222302
222987
226817
129320
222058
225112
222333
226942
228228
222108
225484
225745
225526
230135
223445
80809
225737
224392
223363
225323
224617
223650
223358
222017
154864
225822
223653
225524
221997
238825
225914
226013
222309
225584
226917
224574
226795
222303
222098
17070
6437
225477
2218
223078
210383
224828
224074
223473
221969
223094
222077
222297
222016
222014
225099
224079
223301
223508
224058
222508
222064
224847
235159
223579
223515
88139
227205
224896
32264
222109
222006
3084
10149
225816
223331
222103
222093
222259
223097
6321
225582
222125
223890
222009
102051
225473
223415
223352
227566
80733
225557
223105
227972
180118
222010
223534
224081
224725
223293
223216
225305
231855
222882
237587
226821
223380
222855
222157
225979
222532
193959
125518
102055
222022
223303
222272
222544
223024
222680
237058
229398
1868
224418
228100
102049
10578
225537
223085
226620
102058
227019
225268
222952
236015
221989
225490
226895
227015
234834
158702
225783
225820
223471
226051
222066
227046
222065
227210
232204
222074
226945
222070
225940
222211
224555
238200
224572
226886
9574
222282
224504
223350
235435
17178
222036
223162
235748
197715
222630
226840
225384
222391
223531
224270
221050
223196
236037
223334
228100
225505
222420
224050
222021
4367
238183
612
223109
180170
158
180102
226056
222049
227839
222124
222656
224600
222035
222072
87113
223318
34487
11011
223092
224760
196484
222315
178456
224053
224071
223992
4556
221051
180105
235226
222310
6535
225504
225573
115637
15192
10699
227012
222071
207106
226985
223632
224044
